1H NMR: Fórmula: C₇H₁₆

RDKit          2D

  7  6  0  0  0  0  0  0  0  0999 V2000
   -3.8971   -0.3214    0.0000 C   0  0  0  0  0  0  0  0  0  0  0  0
   -2.5981    0.4286    0.0000 C   0  0  0  0  0  0  0  0  0  0  0  0
   -1.2990   -0.3214    0.0000 C   0  0  0  0  0  0  0  0  0  0  0  0
    0.0000    0.4286    0.0000 C   0  0  0  0  0  0  0  0  0  0  0  0
    1.2990   -0.3214    0.0000 C   0  0  0  0  0  0  0  0  0  0  0  0
    2.5981    0.4286    0.0000 C   0  0  0  0  0  0  0  0  0  0  0  0
    3.8971   -0.3214    0.0000 C   0  0  0  0  0  0  0  0  0  0  0  0
  1  2  1  0
  2  3  1  0
  3  4  1  0
  4  5  1  0
  5  6  1  0
  6  7  1  0
M  END